121.72407531738281
119.69808959960938
117.50439453125
115.29818725585938
113.08844757080078
110.87351989746094
108.7369384765625
106.6640853881836
104.60165405273438
102.03702545166016
100.24301147460938
98.00868225097656
95.54893493652344
93.72804260253906
91.3836669921875
88.86295318603516
87.0826416015625
84.36752319335938
82.479248046875
80.04826354980469
78.65545654296875
75.79609680175781
73.7635498046875
71.82769775390625
69.16389465332031
67.0433349609375
65.35580444335938
63.05479431152344
60.575477600097656
59.02735900878906
56.34125900268555
54.61210632324219
52.13533020019531
49.709251403808594
47.992530822753906
45.3398323059082
43.60929870605469
42.540313720703125
39.06900405883789
37.939064025878906
35.44096374511719
34.461387634277344
32.16069030761719
30.933982849121094
29.185304641723633
28.04375648498535
26.811431884765625
25.915061950683594
24.4904842376709
23.740625381469727
23.81108856201172
23.275327682495117
23.41881561279297
22.278369903564453
22.474855422973633
21.890106201171875
22.111576080322266
21.397594451904297
21.77422332763672
22.04043197631836
21.551803588867188
21.027198791503906
20.64463996887207
20.744464874267578
20.74151611328125
21.032848358154297
20.886070251464844
19.65048599243164
19.814697265625
19.57489585876465
19.512582778930664
19.577255249023438
19.213882446289062
19.25603675842285
19.02996063232422
18.573759078979492
19.159093856811523
18.292348861694336
18.500904083251953
18.03307342529297
17.816997528076172
17.552364349365234
17.587764739990234
17.27410888671875
17.232624053955078
17.263277053833008
17.686138153076172
16.608287811279297
17.042585372924805
16.7855224609375
16.685741424560547
15.85738754272461
15.969759941101074
16.120433807373047
15.594341278076172
15.656448364257812
15.516098022460938
15.013993263244629
14.926505088806152
14.756914138793945
15.364540100097656
15.333629608154297
14.598711013793945
14.566373825073242
14.991705894470215
13.767402648925781
14.229072570800781
13.47492504119873
13.286458969116211
13.619041442871094
13.133482933044434
13.344489097595215
13.21231460571289
13.075895309448242
12.868837356567383
13.210176467895508
13.07278060913086
12.48281478881836
11.927691459655762
12.296674728393555
11.361988067626953
11.517915725708008
11.583305358886719
11.239909172058105
11.353704452514648
11.369865417480469
11.289161682128906
11.04744815826416
11.257701873779297
11.303709030151367
10.470748901367188
11.121901512145996
10.812564849853516
10.360681533813477
9.971506118774414
9.98036003112793
10.373847007751465
10.852097511291504
9.778326034545898
10.31364631652832
10.191465377807617
9.086580276489258
9.285183906555176
10.225988388061523
9.557239532470703
8.174819946289062
8.585664749145508
8.825824737548828
9.723017692565918
9.220208168029785
9.258342742919922
8.380001068115234
7.969136714935303
9.938154220581055
8.669122695922852
8.206389427185059
8.310554504394531
8.012853622436523
8.443964004516602
8.15833568572998
8.17143440246582
8.446958541870117
8.150870323181152
7.628074645996094
8.057586669921875
7.9234466552734375
7.855567932128906
7.436552047729492
6.996694564819336
7.1826677322387695
6.595699310302734
7.434920310974121
7.054047584533691
7.8474650382995605
7.820724964141846
7.010317802429199
6.225573539733887
8.22618293762207
7.002943992614746
6.155569076538086
6.9845476150512695
6.893817901611328
7.162449359893799
6.7280473709106445
7.203131675720215
7.014908790588379
6.086032867431641
6.2546916007995605
6.666225910186768
6.586426734924316
6.634288311004639
5.547849655151367
6.766533374786377
6.416733741760254
6.276230812072754
6.273469924926758
5.9646100997924805
6.173315048217773
6.092007160186768
6.381594657897949
2.60084867477417
433.85101318359375
